PT,+351 963 976 372,12,2025-05-25T07:05:12
PT,+351 931 809 584,25,2025-05-25T07:26:11
PT,+351 910 651 424,8,2025-05-25T07:02:32
PT,+351 971 187 256,12,2025-05-25T06:52:22
PT,+351 912 455 427,8,2025-05-25T07:35:48
PT,+351 908 985 436,20,2025-05-25T07:07:14
PT,+351 954 750 191,3,2025-05-25T07:01:23
PT,+351 977 944 442,23,2025-05-25T07:04:48
PT,+351 955 105 332,11,2025-05-25T07:30:32
PT,+351 955 816 208,7,2025-05-25T07:18:29
PT,+351 934 809 695,15,2025-05-25T07:40:04
PT,+351 934 738 314,18,2025-05-25T07:09:11
PT,+351 915 521 798,20,2025-05-25T07:01:12
PT,+351 915 973 740,18,2025-05-25T07:14:50
PT,+351 954 629 934,18,2025-05-25T06:52:54
PT,+351 986 228 611,19,2025-05-25T06:52:17
PT,+351 966 407 195,12,2025-05-25T06:56:57
PT,+351 966 253 106,12,2025-05-25T07:48:06
PT,+351 975 797 520,16,2025-05-25T06:54:44
PT,+351 983 948 651,8,2025-05-25T07:37:38
PT,+351 992 686 200,5,2025-05-25T07:31:13
PT,+351 948 929 351,11,2025-05-25T07:46:25
PT,+351 980 630 148,3,2025-05-25T07:04:28
PT,+351 930 798 368,17,2025-05-25T07:19:57
PT,+351 959 691 528,25,2025-05-25T06:52:40
PT,+351 950 581 191,13,2025-05-25T07:40:26
PT,+351 946 152 893,25,2025-05-25T07:47:24
PT,+351 908 554 783,21,2025-05-25T07:10:02
PT,+351 901 414 424,12,2025-05-25T07:11:53
PT,+351 982 800 631,16,2025-05-25T07:42:39
PT,+351 938 263 540,7,2025-05-25T07:41:03
PT,+351 984 190 111,6,2025-05-25T07:39:41
PT,+351 906 246 130,10,2025-05-25T07:01:52
PT,+351 994 964 464,1,2025-05-25T07:36:30
PT,+351 964 154 346,19,2025-05-25T07:00:24
PT,+351 939 814 703,1,2025-05-25T07:38:33
PT,+351 963 513 542,12,2025-05-25T07:11:51
PT,+351 919 328 975,1,2025-05-25T07:13:02
PT,+351 977 389 946,21,2025-05-25T07:25:49
PT,+351 948 433 145,5,2025-05-25T07:12:19
PT,+351 961 391 229,4,2025-05-25T07:27:13
PT,+351 948 828 930,9,2025-05-25T07:13:35
PT,+351 969 225 201,18,2025-05-25T07:44:03
PT,+351 903 209 407,21,2025-05-25T07:15:37
PT,+351 959 356 401,22,2025-05-25T07:06:56
PT,+351 931 901 370,8,2025-05-25T07:09:33
PT,+351 984 303 355,10,2025-05-25T07:31:50
PT,+351 906 675 610,6,2025-05-25T07:32:13
PT,+351 914 812 383,24,2025-05-25T07:22:46
PT,+351 997 101 849,10,2025-05-25T07:10:26
PT,+351 912 922 261,22,2025-05-25T07:18:56
PT,+351 929 597 500,25,2025-05-25T07:11:38
PT,+351 906 637 413,16,2025-05-25T07:40:41
PT,+351 920 271 888,11,2025-05-25T07:14:05
PT,+351 925 131 336,7,2025-05-25T06:55:15
PT,+351 963 395 826,22,2025-05-25T07:16:43
PT,+351 981 755 648,18,2025-05-25T07:40:49
PT,+351 927 139 464,1,2025-05-25T07:35:23
PT,+351 911 329 249,4,2025-05-25T07:00:39
PT,+351 956 223 363,24,2025-05-25T07:14:41
PT,+351 927 275 469,13,2025-05-25T07:06:34
PT,+351 907 205 186,25,2025-05-25T07:24:07
PT,+351 951 739 965,1,2025-05-25T07:45:46
PT,+351 948 587 709,11,2025-05-25T07:19:48
PT,+351 999 220 638,16,2025-05-25T07:17:14
PT,+351 931 566 741,23,2025-05-25T06:49:37
PT,+351 970 642 982,4,2025-05-25T06:54:42
PT,+351 995 224 348,22,2025-05-25T07:38:04
PT,+351 968 108 585,10,2025-05-25T06:53:31
PT,+351 938 642 784,19,2025-05-25T07:22:18
PT,+351 993 672 719,13,2025-05-25T07:12:39
PT,+351 919 706 240,2,2025-05-25T07:12:33
PT,+351 927 503 493,9,2025-05-25T07:25:40
PT,+351 986 481 446,10,2025-05-25T07:25:09
PT,+351 939 585 943,5,2025-05-25T06:49:51
PT,+351 913 172 866,22,2025-05-25T07:12:19
PT,+351 968 443 659,21,2025-05-25T07:19:19
PT,+351 952 585 655,1,2025-05-25T07:19:30
PT,+351 926 245 745,19,2025-05-25T06:56:35
PT,+351 939 954 936,15,2025-05-25T07:04:01
PT,+351 942 132 441,8,2025-05-25T07:37:52
PT,+351 931 632 461,1,2025-05-25T06:55:34
PT,+351 985 945 478,8,2025-05-25T07:42:04
PT,+351 964 510 850,22,2025-05-25T07:19:29
PT,+351 942 639 793,20,2025-05-25T07:25:20
PT,+351 957 389 556,21,2025-05-25T07:04:47
PT,+351 924 977 283,19,2025-05-25T07:19:27
PT,+351 988 966 501,25,2025-05-25T07:17:17
PT,+351 996 812 436,9,2025-05-25T07:23:10
PT,+351 974 981 536,21,2025-05-25T07:44:58
PT,+351 952 451 790,8,2025-05-25T07:41:57
PT,+351 905 651 457,20,2025-05-25T07:05:26
PT,+351 995 781 567,2,2025-05-25T07:24:49
PT,+351 982 653 591,6,2025-05-25T07:30:03
PT,+351 952 607 957,9,2025-05-25T07:35:06
PT,+351 903 416 726,20,2025-05-25T07:42:45
PT,+351 984 449 941,3,2025-05-25T06:59:13
PT,+351 947 889 475,2,2025-05-25T07:23:39
PT,+351 909 113 548,3,2025-05-25T07:08:45
PT,+351 937 504 818,4,2025-05-25T07:03:40
