DE,+49 157 976 5360,12,2025-05-25T08:02:06
DE,+49 153 809 8752,25,2025-05-25T08:23:05
DE,+49 151 651 6199,8,2025-05-25T07:59:26
DE,+49 158 187 3511,12,2025-05-25T07:49:16
DE,+49 151 455 6232,8,2025-05-25T08:32:42
DE,+49 151 985 6389,20,2025-05-25T08:04:08
DE,+49 156 750 2457,3,2025-05-25T07:58:17
DE,+49 159 944 6476,23,2025-05-25T08:01:42
DE,+49 156 105 4722,11,2025-05-25T08:27:26
DE,+49 156 816 2733,7,2025-05-25T08:15:23
DE,+49 154 809 8536,5,2025-05-25T08:27:12
DE,+49 159 314 9750,19,2025-05-25T08:37:13
DE,+49 156 798 2925,21,2025-05-25T07:51:51
DE,+49 158 608 7994,17,2025-05-25T07:49:58
DE,+49 158 937 3049,16,2025-05-25T08:06:40
DE,+49 158 407 2526,12,2025-05-25T07:53:51
DE,+49 158 253 1110,12,2025-05-25T08:45:00
DE,+49 159 797 7733,16,2025-05-25T07:51:38
DE,+49 158 922 4673,6,2025-05-25T07:56:04
DE,+49 159 200 3242,9,2025-05-25T08:19:56
DE,+49 153 444 1548,21,2025-05-25T08:10:15
DE,+49 150 974 2290,21,2025-05-25T08:29:25
DE,+49 154 641 7900,15,2025-05-25T08:06:11
DE,+49 156 886 7402,16,2025-05-25T08:39:32
DE,+49 156 224 6939,2,2025-05-25T07:52:41
DE,+49 150 169 8267,22,2025-05-25T08:01:57
DE,+49 159 109 6037,11,2025-05-25T07:47:13
DE,+49 155 652 9510,16,2025-05-25T08:39:33
DE,+49 154 263 8041,7,2025-05-25T08:37:57
DE,+49 151 111 3615,5,2025-05-25T08:42:11
DE,+49 152 130 6095,22,2025-05-25T07:55:15
DE,+49 155 116 3930,17,2025-05-25T08:42:00
DE,+49 153 693 6045,23,2025-05-25T08:05:24
DE,+49 150 252 9094,13,2025-05-25T08:16:07
DE,+49 155 652 3509,8,2025-05-25T07:47:14
DE,+49 150 635 5639,21,2025-05-25T08:22:43
DE,+49 156 433 1728,5,2025-05-25T08:09:13
DE,+49 157 391 3064,4,2025-05-25T08:24:07
DE,+49 156 828 5184,17,2025-05-25T08:08:22
DE,+49 151 201 2118,1,2025-05-25T08:38:20
DE,+49 154 741 8941,15,2025-05-25T08:28:32
DE,+49 154 903 5068,9,2025-05-25T07:48:52
DE,+49 153 687 4259,8,2025-05-25T08:25:16
DE,+49 153 150 9161,6,2025-05-25T08:29:07
DE,+49 151 812 5530,24,2025-05-25T08:19:40
DE,+49 150 849 5619,18,2025-05-25T08:38:45
DE,+49 152 782 8145,8,2025-05-25T08:12:28
DE,+49 156 875 9897,2,2025-05-25T08:09:47
DE,+49 154 606 2926,6,2025-05-25T08:34:09
DE,+49 155 619 4228,1,2025-05-25T08:29:50
DE,+49 153 901 9065,10,2025-05-25T07:57:10
DE,+49 157 749 9779,18,2025-05-25T08:37:43
DE,+49 153 139 6832,1,2025-05-25T08:32:17
DE,+49 151 329 3388,4,2025-05-25T07:57:33
DE,+49 157 223 5216,24,2025-05-25T08:11:35
DE,+49 153 275 6914,13,2025-05-25T08:03:28
DE,+49 150 205 2381,25,2025-05-25T08:21:01
DE,+49 156 739 1391,2,2025-05-25T08:19:50
DE,+49 157 709 6127,14,2025-05-25T07:52:23
DE,+49 151 638 8876,15,2025-05-25T08:28:47
DE,+49 157 741 9999,17,2025-05-25T07:46:45
DE,+49 151 910 2990,8,2025-05-25T08:00:16
DE,+49 152 646 1143,16,2025-05-25T08:25:49
DE,+49 154 642 7336,24,2025-05-25T08:07:25
DE,+49 159 486 9655,5,2025-05-25T08:05:11
DE,+49 152 138 9677,7,2025-05-25T08:18:43
DE,+49 156 380 6530,22,2025-05-25T08:20:09
DE,+49 155 418 6652,10,2025-05-25T08:13:14
DE,+49 152 982 2757,3,2025-05-25T07:54:29
DE,+49 158 923 9734,11,2025-05-25T08:08:19
DE,+49 156 517 8762,18,2025-05-25T08:44:06
DE,+49 156 315 3330,21,2025-05-25T08:06:24
DE,+49 154 954 8447,21,2025-05-25T08:22:57
DE,+49 150 441 5022,6,2025-05-25T08:28:52
DE,+49 158 461 1032,25,2025-05-25T07:59:47
DE,+49 155 353 2593,17,2025-05-25T08:18:13
DE,+49 156 443 9635,22,2025-05-25T08:04:36
DE,+49 155 563 5630,15,2025-05-25T08:01:46
DE,+49 153 977 3939,19,2025-05-25T08:16:21
DE,+49 156 884 8540,25,2025-05-25T07:58:05
DE,+49 155 385 7131,19,2025-05-25T07:46:49
DE,+49 156 765 1897,14,2025-05-25T08:22:11
DE,+49 153 201 1703,18,2025-05-25T08:21:48
DE,+49 159 749 8475,2,2025-05-25T08:21:43
DE,+49 158 591 3886,9,2025-05-25T08:17:51
DE,+49 157 957 5317,7,2025-05-25T08:43:31
DE,+49 154 726 2431,22,2025-05-25T08:22:20
DE,+49 151 842 7038,25,2025-05-25T08:20:33
DE,+49 150 475 2178,1,2025-05-25T08:15:42
DE,+49 151 699 5786,13,2025-05-25T07:57:44
DE,+49 151 775 3090,16,2025-05-25T07:58:53
DE,+49 156 268 9942,17,2025-05-25T08:36:32
DE,+49 153 390 1276,23,2025-05-25T08:42:21
DE,+49 154 991 7998,25,2025-05-25T08:16:37
DE,+49 158 561 9793,8,2025-05-25T08:43:43
DE,+49 152 828 4673,10,2025-05-25T08:27:50
DE,+49 155 471 4752,19,2025-05-25T08:14:00
DE,+49 159 611 7364,8,2025-05-25T08:03:06
DE,+49 157 888 5578,13,2025-05-25T08:06:30
DE,+49 159 459 4899,24,2025-05-25T07:49:32
