UK,+44 763 976 5360,12,2025-05-25T06:08:21
UK,+44 731 809 8752,25,2025-05-25T06:29:20
UK,+44 710 651 6199,8,2025-05-25T06:05:41
UK,+44 771 187 3511,12,2025-05-25T05:55:31
UK,+44 712 455 6232,8,2025-05-25T06:38:57
UK,+44 708 985 6389,20,2025-05-25T06:10:23
UK,+44 754 750 2457,3,2025-05-25T06:04:32
UK,+44 777 944 6476,23,2025-05-25T06:07:57
UK,+44 755 105 4722,11,2025-05-25T06:33:41
UK,+44 755 816 2733,7,2025-05-25T06:21:38
UK,+44 734 809 8536,5,2025-05-25T06:33:27
UK,+44 779 314 9750,19,2025-05-25T06:43:28
UK,+44 752 798 2925,21,2025-05-25T05:58:06
UK,+44 769 608 7994,17,2025-05-25T05:56:13
UK,+44 768 937 3049,16,2025-05-25T06:12:55
UK,+44 766 407 2526,12,2025-05-25T06:00:06
UK,+44 766 253 1110,12,2025-05-25T06:51:15
UK,+44 775 797 7733,16,2025-05-25T05:57:53
UK,+44 783 948 9823,8,2025-05-25T06:40:47
UK,+44 792 686 2604,5,2025-05-25T06:34:22
UK,+44 748 929 5026,11,2025-05-25T06:49:34
UK,+44 780 630 1772,3,2025-05-25T06:07:37
UK,+44 730 798 5293,17,2025-05-25T06:23:06
UK,+44 759 691 7852,25,2025-05-25T05:55:49
UK,+44 750 581 2458,13,2025-05-25T06:43:35
UK,+44 746 152 1314,3,2025-05-25T06:21:35
UK,+44 785 754 1144,10,2025-05-25T06:30:14
UK,+44 744 652 9510,16,2025-05-25T06:45:48
UK,+44 738 263 8041,7,2025-05-25T06:44:12
UK,+44 784 190 1183,6,2025-05-25T06:42:50
UK,+44 706 246 1481,10,2025-05-25T06:05:01
UK,+44 794 964 6824,1,2025-05-25T06:39:39
UK,+44 764 154 4948,19,2025-05-25T06:03:33
UK,+44 739 814 1435,5,2025-05-25T06:18:08
UK,+44 751 542 6699,18,2025-05-25T06:41:24
UK,+44 728 975 1438,17,2025-05-25T06:10:33
UK,+44 736 946 6494,13,2025-05-25T06:29:36
UK,+44 705 248 9735,16,2025-05-25T06:32:26
UK,+44 716 926 2866,11,2025-05-25T05:53:50
UK,+44 748 828 5184,17,2025-05-25T06:14:37
UK,+44 715 201 2118,1,2025-05-25T06:44:35
UK,+44 738 741 8941,15,2025-05-25T06:34:47
UK,+44 737 903 5068,9,2025-05-25T05:55:07
UK,+44 728 687 4259,8,2025-05-25T06:31:31
UK,+44 731 150 9161,6,2025-05-25T06:35:22
UK,+44 714 812 5530,24,2025-05-25T06:25:55
UK,+44 797 101 5619,18,2025-05-25T06:45:00
UK,+44 720 782 8145,8,2025-05-25T06:18:43
UK,+44 750 875 9897,2,2025-05-25T06:16:02
UK,+44 739 606 2926,6,2025-05-25T06:40:24
UK,+44 798 442 9308,7,2025-05-25T06:49:46
UK,+44 729 296 9065,10,2025-05-25T06:03:25
UK,+44 786 579 9779,18,2025-05-25T06:43:58
UK,+44 727 139 6832,1,2025-05-25T06:38:32
UK,+44 711 329 3388,4,2025-05-25T06:03:48
UK,+44 756 223 5216,24,2025-05-25T06:17:50
UK,+44 727 275 6914,13,2025-05-25T06:09:43
UK,+44 707 205 2381,25,2025-05-25T06:27:16
UK,+44 751 739 1391,2,2025-05-25T06:26:05
UK,+44 760 709 6127,14,2025-05-25T05:58:38
UK,+44 715 638 8876,15,2025-05-25T06:35:02
UK,+44 758 741 9999,17,2025-05-25T05:53:00
UK,+44 715 910 2990,8,2025-05-25T06:06:31
UK,+44 719 646 1143,16,2025-05-25T06:32:04
UK,+44 738 642 7336,24,2025-05-25T06:13:40
UK,+44 777 486 9655,5,2025-05-25T06:11:26
UK,+44 717 138 9677,7,2025-05-25T06:24:58
UK,+44 749 380 6530,22,2025-05-25T06:26:24
UK,+44 743 418 6652,10,2025-05-25T06:19:29
UK,+44 719 982 2757,3,2025-05-25T06:00:44
UK,+44 784 645 9734,11,2025-05-25T06:14:34
UK,+44 781 540 7687,16,2025-05-25T06:14:48
UK,+44 702 538 4451,5,2025-05-25T06:08:50
UK,+44 773 881 6006,15,2025-05-25T06:07:10
UK,+44 742 132 6468,8,2025-05-25T06:41:01
UK,+44 731 632 6786,1,2025-05-25T05:58:43
UK,+44 785 945 7058,8,2025-05-25T06:45:13
UK,+44 764 510 8013,11,2025-05-25T06:15:53
UK,+44 786 715 6608,15,2025-05-25T06:32:34
UK,+44 757 757 4189,6,2025-05-25T06:13:21
UK,+44 754 807 7418,25,2025-05-25T06:20:26
UK,+44 796 812 6386,9,2025-05-25T06:26:19
UK,+44 774 981 7990,21,2025-05-25T06:48:07
UK,+44 752 451 5007,4,2025-05-25T06:48:56
UK,+44 768 457 8475,2,2025-05-25T06:27:58
UK,+44 782 653 8865,6,2025-05-25T06:33:12
UK,+44 752 607 5317,7,2025-05-25T06:49:46
UK,+44 739 726 2431,22,2025-05-25T06:28:35
UK,+44 709 842 7038,25,2025-05-25T06:26:48
UK,+44 707 475 2178,1,2025-05-25T06:21:57
UK,+44 708 699 5786,13,2025-05-25T06:03:59
UK,+44 714 775 3090,16,2025-05-25T06:05:08
UK,+44 753 268 9942,17,2025-05-25T06:42:47
UK,+44 729 390 1276,23,2025-05-25T06:48:36
UK,+44 732 991 7998,25,2025-05-25T06:22:52
UK,+44 766 561 9793,8,2025-05-25T06:49:58
UK,+44 723 828 4673,10,2025-05-25T06:34:05
UK,+44 790 781 6825,12,2025-05-25T06:01:49
UK,+44 783 334 8584,20,2025-05-25T06:17:44
UK,+44 749 332 8578,25,2025-05-25T06:04:19
