FR,+33 6 63 34 46 81,8,2025-05-25T05:37:55
FR,+33 6 60 98 42 10,18,2025-05-25T06:03:32
FR,+33 6 28 86 71 10,5,2025-05-25T06:01:29
FR,+33 6 12 44 40 28,7,2025-05-25T06:20:30
FR,+33 6 42 77 77 54,21,2025-05-25T06:19:07
FR,+33 6 08 88 77 42,23,2025-05-25T05:41:17
FR,+33 6 55 00 29 43,9,2025-05-25T05:30:40
FR,+33 6 55 89 13 25,15,2025-05-25T06:06:41
FR,+33 6 88 74 58 16,9,2025-05-25T05:42:39
FR,+33 6 26 68 74 15,14,2025-05-25T05:38:37
FR,+33 6 79 89 15 80,18,2025-05-25T05:51:19
FR,+33 6 54 66 68 86,5,2025-05-25T05:51:06
FR,+33 6 73 66 38 11,12,2025-05-25T05:33:26
FR,+33 6 66 19 00 45,1,2025-05-25T05:45:07
FR,+33 6 87 52 60 83,18,2025-05-25T05:30:23
FR,+33 6 28 20 92 73,4,2025-05-25T05:27:58
FR,+33 6 17 32 48 31,11,2025-05-25T06:22:54
FR,+33 6 80 66 06 10,21,2025-05-25T06:09:00
FR,+33 6 87 33 67 53,15,2025-05-25T05:45:46
FR,+33 6 53 98 50 60,3,2025-05-25T05:57:40
FR,+33 6 15 46 06 99,25,2025-05-25T06:23:53
FR,+33 6 08 56 85 81,19,2025-05-25T06:24:35
FR,+33 6 39 40 44 69,21,2025-05-25T05:38:30
FR,+33 6 66 63 11 38,6,2025-05-25T05:55:51
FR,+33 6 25 14 84 11,1,2025-05-25T06:14:18
FR,+33 6 16 06 18 03,10,2025-05-25T05:38:21
FR,+33 6 94 45 02 22,17,2025-05-25T06:21:35
FR,+33 6 30 74 90 39,23,2025-05-25T05:44:59
FR,+33 6 03 19 63 51,14,2025-05-25T06:01:27
FR,+33 6 69 19 28 03,17,2025-05-25T05:43:53
FR,+33 6 36 83 42 48,11,2025-05-25T06:22:09
FR,+33 6 18 68 61 36,5,2025-05-25T05:30:04
FR,+33 6 14 40 48 91,9,2025-05-25T05:50:04
FR,+33 6 69 15 12 71,3,2025-05-25T06:23:17
FR,+33 6 13 38 80 62,15,2025-05-25T06:08:07
FR,+33 6 37 85 78 31,9,2025-05-25T05:28:27
FR,+33 6 28 73 84 25,8,2025-05-25T06:04:51
FR,+33 6 31 06 71 63,6,2025-05-25T06:08:42
FR,+33 6 14 89 35 92,13,2025-05-25T05:32:58
FR,+33 6 00 93 36 71,4,2025-05-25T05:30:20
FR,+33 6 20 85 55 29,16,2025-05-25T05:58:31
FR,+33 6 96 69 06 67,10,2025-05-25T05:51:26
FR,+33 6 15 20 21 98,11,2025-05-25T05:50:34
FR,+33 6 25 03 29 24,16,2025-05-25T06:05:29
FR,+33 6 90 86 59 81,21,2025-05-25T05:48:37
FR,+33 6 71 14 27 04,12,2025-05-25T06:23:08
FR,+33 6 24 11 28 18,4,2025-05-25T05:37:08
FR,+33 6 56 15 32 93,16,2025-05-25T06:10:45
FR,+33 6 21 46 49 79,2,2025-05-25T06:18:09
FR,+33 6 10 97 46 51,20,2025-05-25T05:27:28
FR,+33 6 03 05 48 60,20,2025-05-25T06:03:50
FR,+33 6 54 99 15 67,16,2025-05-25T05:53:43
FR,+33 6 31 58 80 88,18,2025-05-25T05:49:02
FR,+33 6 15 95 15 31,22,2025-05-25T06:14:33
FR,+33 6 68 01 60 37,10,2025-05-25T05:49:03
FR,+33 6 85 72 49 93,18,2025-05-25T05:43:53
FR,+33 6 48 67 19 75,5,2025-05-25T06:22:37
FR,+33 6 67 27 50 49,9,2025-05-25T06:02:09
FR,+33 6 86 47 43 39,12,2025-05-25T06:04:12
FR,+33 6 60 19 13 09,24,2025-05-25T05:40:12
FR,+33 6 68 68 42 69,21,2025-05-25T05:55:48
FR,+33 6 52 60 69 02,14,2025-05-25T06:10:49
FR,+33 6 18 80 73 97,10,2025-05-25T05:28:14
FR,+33 6 58 83 42 04,11,2025-05-25T06:08:26
FR,+33 6 20 31 66 45,1,2025-05-25T05:32:03
FR,+33 6 85 47 31 12,17,2025-05-25T05:57:48
FR,+33 6 93 86 54 42,17,2025-05-25T05:38:57
FR,+33 6 76 43 57 36,15,2025-05-25T05:41:21
FR,+33 6 82 24 22 72,14,2025-05-25T05:38:02
FR,+33 6 50 98 58 96,23,2025-05-25T06:02:45
FR,+33 6 35 47 74 54,21,2025-05-25T06:21:27
FR,+33 6 52 43 86 31,4,2025-05-25T06:22:16
FR,+33 6 68 44 78 81,24,2025-05-25T05:39:46
FR,+33 6 58 07 44 82,18,2025-05-25T05:52:25
FR,+33 6 22 34 52 63,9,2025-05-25T06:11:35
FR,+33 6 03 39 78 79,3,2025-05-25T05:40:22
FR,+33 6 43 09 92 47,25,2025-05-25T06:00:08
FR,+33 6 07 46 09 01,15,2025-05-25T06:20:49
FR,+33 6 74 37 50 89,4,2025-05-25T05:40:09
FR,+33 6 91 16 63 87,14,2025-05-25T06:13:57
FR,+33 6 69 66 17 29,10,2025-05-25T06:24:02
FR,+33 6 90 06 32 54,25,2025-05-25T05:56:12
FR,+33 6 66 57 68 29,1,2025-05-25T06:12:47
FR,+33 6 91 97 28 37,9,2025-05-25T05:36:45
FR,+33 6 85 96 45 46,24,2025-05-25T05:40:34
FR,+33 6 29 75 59 79,16,2025-05-25T05:26:21
FR,+33 6 49 29 79 59,25,2025-05-25T05:37:39
FR,+33 6 86 35 50 73,19,2025-05-25T06:01:12
FR,+33 6 98 84 30 94,6,2025-05-25T05:50:13
FR,+33 6 60 67 66 35,20,2025-05-25T05:47:13
FR,+33 6 28 12 99 18,18,2025-05-25T05:59:54
FR,+33 6 69 12 35 13,23,2025-05-25T05:58:06
FR,+33 6 66 50 31 36,4,2025-05-25T06:03:47
FR,+33 6 15 44 63 20,6,2025-05-25T05:32:30
FR,+33 6 01 93 04 31,1,2025-05-25T05:35:07
FR,+33 6 89 10 68 56,11,2025-05-25T05:47:35
FR,+33 6 32 21 00 69,11,2025-05-25T05:28:43
FR,+33 6 91 78 46 93,24,2025-05-25T05:48:02
FR,+33 6 91 92 07 91,20,2025-05-25T05:37:03
FR,+33 6 62 55 96 70,21,2025-05-25T06:23:12
