BE,+32 485 976 372,12,2025-05-24T20:16:32
BE,+32 498 348 809,16,2025-05-24T20:07:41
BE,+32 480 187 651,11,2025-05-24T20:44:43
BE,+32 491 670 187,5,2025-05-24T20:36:20
BE,+32 496 200 455,11,2025-05-24T20:44:52
BE,+32 476 170 985,11,2025-05-24T20:18:49
BE,+32 498 722 539,21,2025-05-24T20:53:58
BE,+32 499 165 809,20,2025-05-24T20:03:44
BE,+32 480 912 807,21,2025-05-24T20:03:11
BE,+32 483 105 332,11,2025-05-24T20:41:52
BE,+32 495 544 816,4,2025-05-24T20:46:19
BE,+32 499 553 377,23,2025-05-24T20:20:22
BE,+32 484 229 376,20,2025-05-24T20:45:45
BE,+32 487 692 225,14,2025-05-24T20:13:28
BE,+32 489 812 939,4,2025-05-24T20:01:48
BE,+32 490 906 656,16,2025-05-24T20:30:54
BE,+32 498 629 934,18,2025-05-24T20:04:14
BE,+32 491 228 611,19,2025-05-24T20:03:37
BE,+32 486 407 195,12,2025-05-24T20:08:17
BE,+32 486 253 106,12,2025-05-24T20:59:26
BE,+32 498 701 797,14,2025-05-24T20:27:46
BE,+32 495 970 769,18,2025-05-24T20:05:14
BE,+32 477 266 843,19,2025-05-24T20:53:21
BE,+32 496 240 362,13,2025-05-24T20:04:44
BE,+32 477 444 134,21,2025-05-24T20:24:41
BE,+32 471 974 180,21,2025-05-24T20:43:51
BE,+32 491 368 641,14,2025-05-24T20:28:18
BE,+32 488 528 886,13,2025-05-24T20:27:57
BE,+32 472 512 224,12,2025-05-24T20:56:31
BE,+32 494 897 119,3,2025-05-24T20:29:46
BE,+32 491 754 680,1,2025-05-24T20:39:03
BE,+32 480 975 455,18,2025-05-24T20:16:01
BE,+32 491 631 609,3,2025-05-24T20:39:28
BE,+32 475 540 301,4,2025-05-24T20:15:03
BE,+32 472 111 263,5,2025-05-24T20:56:37
BE,+32 474 130 418,22,2025-05-24T20:09:41
BE,+32 497 464 116,6,2025-05-24T20:25:54
BE,+32 471 346 693,23,2025-05-24T20:39:01
BE,+32 492 703 127,5,2025-05-24T20:26:19
BE,+32 482 542 456,18,2025-05-24T20:49:35
BE,+32 477 975 127,17,2025-05-24T20:18:44
BE,+32 479 946 765,11,2025-05-24T20:34:14
BE,+32 480 145 248,18,2025-05-24T20:03:06
BE,+32 496 591 391,5,2025-05-24T20:04:55
BE,+32 473 422 970,13,2025-05-24T20:11:28
BE,+32 495 361 626,18,2025-05-24T20:51:40
BE,+32 473 673 169,1,2025-05-24T20:52:46
BE,+32 479 741 596,15,2025-05-24T20:42:58
BE,+32 479 903 780,20,2025-05-24T20:43:05
BE,+32 495 370 951,8,2025-05-24T20:20:53
BE,+32 491 303 355,10,2025-05-24T20:43:10
BE,+32 471 675 610,6,2025-05-24T20:43:33
BE,+32 473 812 383,24,2025-05-24T20:34:06
BE,+32 494 101 849,10,2025-05-24T20:21:46
BE,+32 499 202 922,6,2025-05-24T20:14:32
BE,+32 483 333 597,13,2025-05-24T20:08:19
BE,+32 487 149 637,10,2025-05-24T20:26:17
BE,+32 473 261 271,25,2025-05-24T20:37:12
BE,+32 486 301 131,8,2025-05-24T20:46:55
BE,+32 495 604 395,23,2025-05-24T20:14:00
BE,+32 484 749 755,18,2025-05-24T20:04:26
BE,+32 487 218 321,2,2025-05-24T20:35:44
BE,+32 470 299 988,3,2025-05-24T20:44:43
BE,+32 474 209 820,15,2025-05-24T20:51:50
BE,+32 478 845 610,7,2025-05-24T20:48:22
BE,+32 481 962 497,20,2025-05-24T20:56:08
BE,+32 473 186 881,12,2025-05-24T20:32:19
BE,+32 489 965 124,2,2025-05-24T20:34:16
BE,+32 485 709 420,14,2025-05-24T20:06:49
BE,+32 473 638 592,15,2025-05-24T20:43:13
BE,+32 484 741 808,18,2025-05-24T20:23:53
BE,+32 497 223 910,24,2025-05-24T20:51:45
BE,+32 477 780 259,18,2025-05-24T20:59:27
BE,+32 485 396 927,10,2025-05-24T20:23:54
BE,+32 491 676 496,24,2025-05-24T20:21:51
BE,+32 489 486 640,5,2025-05-24T20:19:37
BE,+32 474 138 642,7,2025-05-24T20:33:09
BE,+32 482 380 445,22,2025-05-24T20:34:35
BE,+32 480 418 453,10,2025-05-24T20:27:40
BE,+32 496 258 982,4,2025-05-24T20:55:14
BE,+32 498 866 774,18,2025-05-24T20:05:08
BE,+32 487 443 659,21,2025-05-24T20:30:39
BE,+32 483 585 655,1,2025-05-24T20:30:50
BE,+32 476 245 745,19,2025-05-24T20:07:55
BE,+32 495 412 954,15,2025-05-24T20:15:21
BE,+32 480 132 441,8,2025-05-24T20:49:12
BE,+32 477 632 461,1,2025-05-24T20:06:54
BE,+32 491 945 478,8,2025-05-24T20:53:24
BE,+32 499 612 510,24,2025-05-24T20:13:59
BE,+32 483 443 639,22,2025-05-24T20:19:02
BE,+32 480 563 389,15,2025-05-24T20:16:12
BE,+32 490 299 977,6,2025-05-24T20:21:32
BE,+32 483 807 966,13,2025-05-24T20:07:45
BE,+32 484 873 812,11,2025-05-24T20:41:02
BE,+32 481 693 981,14,2025-05-24T20:15:40
BE,+32 471 519 451,22,2025-05-24T20:43:21
BE,+32 473 143 651,12,2025-05-24T20:17:55
BE,+32 490 864 781,15,2025-05-24T20:55:59
BE,+32 481 757 653,16,2025-05-24T20:48:01
BE,+32 478 516 607,9,2025-05-24T20:46:26
